1 2 2 
1 3 2 
1 4 2 
1 4 8 
1 4 10 
1 5 2 
1 5 8 
1 5 10 
1 6 2 
1 6 8 
1 6 10 
1 7 2 
1 7 8 
1 7 10 
1 8 2 
1 8 8 
1 9 2 
1 9 5 
1 9 8 
1 10 2 
1 10 5 
1 10 8 
1 10 12 
1 11 5 
1 11 12 
1 12 5 
1 12 12 
1 13 12 
2 1 2 
2 2 1 
2 2 3 
2 3 1 
2 3 3 
2 3 8 
2 3 10 
2 3 11 
2 4 1 
2 4 3 
2 4 7 
2 4 9 
2 4 11 
2 5 1 
2 5 3 
2 5 7 
2 5 9 
2 5 11 
2 6 1 
2 6 3 
2 6 7 
2 6 9 
2 6 11 
2 7 1 
2 7 3 
2 7 5 
2 7 7 
2 7 9 
2 7 11 
2 8 1 
2 8 3 
2 8 5 
2 8 7 
2 8 9 
2 8 10 
2 9 1 
2 9 3 
2 9 4 
2 9 6 
2 9 7 
2 9 9 
2 9 12 
2 10 1 
2 10 3 
2 10 4 
2 10 6 
2 10 7 
2 10 9 
2 10 11 
2 10 13 
2 11 2 
2 11 4 
2 11 6 
2 11 8 
2 11 11 
2 11 13 
2 12 4 
2 12 6 
2 12 11 
2 12 13 
2 13 5 
2 13 6 
2 13 11 
2 13 13 
2 14 12 
3 1 2 
3 2 1 
3 2 3 
3 2 4 
3 2 5 
3 2 6 
3 2 7 
3 2 8 
3 2 9 
3 2 10 
3 2 11 
3 3 2 
3 3 3 
3 3 8 
3 3 10 
3 3 12 
3 4 2 
3 4 7 
3 4 9 
3 4 12 
3 5 2 
3 5 3 
3 5 8 
3 5 10 
3 5 11 
3 5 12 
3 6 2 
3 6 3 
3 6 5 
3 6 8 
3 6 10 
3 6 11 
3 6 12 
3 6 13 
3 7 2 
3 7 4 
3 7 6 
3 7 7 
3 7 8 
3 7 9 
3 7 12 
3 7 13 
3 8 2 
3 8 3 
3 8 4 
3 8 6 
3 8 7 
3 8 10 
3 8 11 
3 8 13 
3 9 2 
3 9 4 
3 9 8 
3 9 10 
3 9 12 
3 9 13 
3 10 1 
3 10 5 
3 10 7 
3 10 9 
3 10 11 
3 10 14 
3 11 2 
3 11 3 
3 11 5 
3 11 6 
3 11 7 
3 11 9 
3 11 12 
3 11 14 
3 12 4 
3 12 7 
3 12 8 
3 12 12 
3 12 14 
3 13 5 
3 13 7 
3 13 8 
3 13 9 
3 13 10 
3 13 11 
3 13 13 
3 14 6 
3 14 12 
4 1 2 
4 1 3 
4 1 4 
4 1 5 
4 1 6 
4 1 7 
4 1 8 
4 1 9 
4 1 10 
4 2 1 
4 2 11 
4 3 2 
4 3 4 
4 3 5 
4 3 6 
4 3 7 
4 3 8 
4 3 9 
4 3 12 
4 4 3 
4 4 7 
4 4 10 
4 4 11 
4 4 13 
4 5 4 
4 5 8 
4 5 13 
4 6 4 
4 6 5 
4 6 6 
4 6 7 
4 6 9 
4 6 10 
4 6 14 
4 7 4 
4 7 11 
4 7 14 
4 8 5 
4 8 8 
4 8 9 
4 8 12 
4 8 14 
4 9 3 
4 9 5 
4 9 6 
4 9 7 
4 9 9 
4 9 11 
4 9 14 
4 10 2 
4 10 4 
4 10 6 
4 10 10 
4 10 11 
4 10 14 
4 11 3 
4 11 10 
4 11 12 
4 11 14 
4 12 4 
4 12 5 
4 12 6 
4 12 7 
4 12 8 
4 12 9 
4 12 10 
4 12 11 
4 12 13 
4 13 5 
4 13 14 
4 14 6 
4 14 7 
4 14 8 
4 14 9 
4 14 10 
4 14 11 
4 14 12 
4 14 13 
5 2 2 
5 2 3 
5 2 4 
5 2 5 
5 2 6 
5 2 7 
5 2 8 
5 2 9 
5 2 10 
5 3 3 
5 3 10 
5 3 11 
5 4 4 
5 4 5 
5 4 6 
5 4 8 
5 4 9 
5 4 12 
5 5 5 
5 5 6 
5 5 7 
5 5 9 
5 5 10 
5 5 11 
5 5 12 
5 6 8 
5 6 11 
5 6 12 
5 6 13 
5 7 5 
5 7 6 
5 7 7 
5 7 8 
5 7 9 
5 7 10 
5 7 12 
5 7 13 
5 8 6 
5 8 7 
5 8 10 
5 8 11 
5 8 13 
5 9 8 
5 9 10 
5 9 12 
5 9 13 
5 10 3 
5 10 5 
5 10 7 
5 10 8 
5 10 9 
5 10 12 
5 10 13 
5 11 4 
5 11 5 
5 11 6 
5 11 7 
5 11 8 
5 11 9 
5 11 11 
5 11 13 
5 12 12 
5 13 6 
5 13 7 
5 13 8 
5 13 9 
5 13 10 
5 13 11 
5 13 12 
5 13 13 
